44a60300_000_2
0
3.2
1
a60300_000_2
1
9.7
0
a60300_000_2
0
22.4
1
a60300_000_2
1
23
0
a60300_000_2
0
23.1
1
a60300_000_2
1
37
0
a60300_000_2
0
85.6
1
a60300_000_2
1
93
0
a60320_000_4
0
26.5
0
a60320_000_4
1
30
0
a60320_000_4
0
71.5
0
a60320_000_4
1
83
0
a60330_000_2
0
25.2
0
a60330_000_2
1
34
0
a60330_000_2
0
55
0
a60330_000_2
1
60
0
a60330_000_2
0
126
0
a60330_000_2
1
132
0
a60330_000_2
0
169
0
a60330_000_2
1
175
0
a60330_000_2
0
248
0
a60330_000_2
1
258
0
a60330_000_2
0
297
0
a60330_000_2
1
301
0
a60330_000_2
0
317
0
a60330_000_2
1
324
0
a60330_000_2
0
428
0
a60330_000_2
1
434
0
a60350_000_2
0
22
0
a60350_000_2
1
32
0
a60350_000_2
0
132
0
a60350_000_2
1
140
0
h20021_000_2
0
4.3
1
h20021_000_2
1
8.6
0
h20021_000_2
0
24.389
1
h20021_000_2
1
30.1
0
h20021_000_2
0
70
0
h20021_000_2
1
74
0
h23000_000_6
0
52
1
h23000_000_6
1
61.4
0
h23000_000_6
0
68
1
h23000_000_6
1
74
0
h23000_000_6
0
109
1
h23000_000_6
1
141
0
