36a60300_000_4
50
89
_lip_top_c_n
1
1
1
a60300_000_4
77
89
_lip_top_c_n
1
1
0
a60300_000_4
85
89
_lip_top_c_n
0
0
1
a60300_000_4
86
89
_lip_top_c_n
0
0
1
a60330_000_4
128
89
_lip_top_c_n
4
0
1
a60330_000_4
128
89
_lip_top_c_n
0
0
1
a60330_000_4
170
89
_lip_top_c_n
1
1
1
a60330_000_4
190
89
_lip_top_c_n
1
1
0
h1010_000_3
15
89
_lip_top_c_n
4
0
1
h1010_000_3
10
89
_lip_top_c_n
4
0
1
h1010_000_3
25
89
_lip_top_c_n
1
1
1
h1010_000_3
55
89
_lip_top_c_n
1
1
0
h10111_000_3
21.8
134
naka1_r_n
2
0
1
h11250_000_3
118
3
ketu_c_n
2
0
1
h1500_000_3
20
89
_lip_top_c_n
2
0
1
h1500_000_3
20
89
_lip_top_c_n
0
0
1
h1500_000_3
25
89
_lip_top_c_n
0
0
1
h1511_000_6
25
89
_lip_top_c_n
2
0
1
h1511_000_6
25
89
_lip_top_c_n
0
0
1
h1511_000_6
25
89
_lip_top_c_n
1
1
1
h1511_000_6
35
89
_lip_top_c_n
1
1
0
h1511_000_6
40
89
_lip_top_c_n
0
0
1
h23000_000_4
54
89
_lip_top_c_n
0
0
1
h23000_000_4
68
89
_lip_top_c_n
0
0
1
h23000_000_4
118
89
_lip_top_c_n
0
0
1
h23010_000_6
75
89
_lip_top_c_n
1
1
1
h23010_000_6
90
89
_lip_top_c_n
1
1
0
h23020_000_6
74
89
_lip_top_c_n
1
1
1
h23020_000_6
87
89
_lip_top_c_n
1
1
0
h23060_000_6
35.5
134
naka1_r_n
3
0
1
h23060_000_6
132
89
_lip_top_c_n
3
0
1
h23060_000_6
132
89
_lip_top_c_n
2
0
1
h23060_000_6
132
89
_lip_top_c_n
1
1
1
h23060_000_6
202
89
_lip_top_c_n
1
1
0
h3261_000_6
117
89
_lip_top_c_n
2
0
1
h3261_000_6
117
89
_lip_top_c_n
0
0
1
